REACT_APP_API_KEY=''
lat:  40.1630237644643, 
long: -74.89416785040028
