REACT_APP_API_KEY=''
lat:  40.1629914,
long: -74.8943894
